37
25
00
00
13
05
05
71
13
01
05
00
ef
00
00
05
6f
00
00
00
93
05
30
01
13
08
40
0a
93
07
08
00
13
05
00
00
13
07
00
00
83
a6
07
00
03
a6
47
00
13
07
17
00
63
58
d6
00
23
a0
c7
00
23
a2
d7
00
13
05
10
00
93
87
47
00
e3
40
b7
fe
63
06
05
00
93
85
f5
ff
e3
94
05
fc
67
80
00
00
93
05
30
01
13
08
40
0a
93
07
08
00
13
05
00
00
13
07
00
00
83
a6
07
00
03
a6
47
00
13
07
17
00
63
58
d6
00
23
a0
c7
00
23
a2
d7
00
13
05
10
00
93
87
47
00
e3
40
b7
fe
63
06
05
00
93
85
f5
ff
e3
94
05
fc
67
80
00
00
01
00
00
00
08
00
00
00
04
00
00
00
06
00
00
00
00
00
00
00
03
00
00
00
05
00
00
00
02
00
00
00
07
00
00
00
09
00
00
00
0b
00
00
00
0e
00
00
00
0d
00
00
00
10
00
00
00
0f
00
00
00
11
00
00
00
18
00
00
00
41
00
00
00
57
00
00
00
22
00
00
00
