37
25
00
00
13
05
05
71
13
01
05
00
ef
00
80
00
6f
00
00
00
93
07
10
03
13
06
30
06
93
06
00
00
93
05
80
07
13
05
00
55
13
08
10
55
6f
00
c0
01
93
86
17
00
33
87
c6
00
93
57
f7
01
b3
87
e7
00
93
d7
17
40
63
48
d6
02
13
97
27
00
33
87
e5
00
03
27
07
00
e3
5e
e5
fc
63
0e
07
01
13
86
f7
ff
33
87
c6
00
93
57
f7
01
b3
87
e7
00
93
d7
17
40
e3
5c
d6
fc
67
80
00
00
29
00
00
00
41
00
00
00
4d
00
00
00
4f
00
00
00
53
00
00
00
59
00
00
00
5b
00
00
00
60
00
00
00
7d
00
00
00
89
00
00
00
93
00
00
00
99
00
00
00
a2
00
00
00
b3
00
00
00
b8
00
00
00
c1
00
00
00
cc
00
00
00
d8
00
00
00
e0
00
00
00
ee
00
00
00
f7
00
00
00
fb
00
00
00
04
01
00
00
17
01
00
00
1c
01
00
00
28
01
00
00
2e
01
00
00
3a
01
00
00
48
01
00
00
51
01
00
00
58
01
00
00
63
01
00
00
6e
01
00
00
79
01
00
00
84
01
00
00
8f
01
00
00
99
01
00
00
9a
01
00
00
a6
01
00
00
b1
01
00
00
bc
01
00
00
c7
01
00
00
d2
01
00
00
dd
01
00
00
e8
01
00
00
f3
01
00
00
f9
01
00
00
ff
01
00
00
0a
02
00
00
15
02
00
00
20
02
00
00
2b
02
00
00
36
02
00
00
41
02
00
00
4c
02
00
00
57
02
00
00
61
02
00
00
63
02
00
00
6e
02
00
00
79
02
00
00
84
02
00
00
8f
02
00
00
9a
02
00
00
a5
02
00
00
b0
02
00
00
bb
02
00
00
bd
02
00
00
cb
02
00
00
d2
02
00
00
dd
02
00
00
e8
02
00
00
f3
02
00
00
fe
02
00
00
09
03
00
00
14
03
00
00
1f
03
00
00
29
03
00
00
2b
03
00
00
36
03
00
00
41
03
00
00
4c
03
00
00
57
03
00
00
62
03
00
00
6d
03
00
00
78
03
00
00
83
03
00
00
89
03
00
00
8f
03
00
00
9a
03
00
00
a5
03
00
00
b0
03
00
00
bb
03
00
00
c6
03
00
00
d1
03
00
00
dc
03
00
00
e7
03
00
00
00
04
00
00
e2
04
00
00
51
05
00
00
23
06
00
00
