a8
a9
fe
f4
22
23
87
85
97
ba
01
f7
d7
13
97
ba
fe
84
27
83
fe
c4
27
03
fe
f4
24
23
06
30
07
93
fe
04
26
23
fe
f4
20
23
55
10
07
93
10
00
ce
22
11
01
a0
01
00
60
00
ef
81
2a
71
05
05
13
65
09
24
23
17
fd
fe
44
27
83
02
f7
09
63
fe
04
27
03
43
9c
97
ba
0b
00
07
93
07
0a
fe
44
27
03
a0
0d
fe
f4
26
23
07
85
fe
44
27
83
00
e7
d8
63
fe
04
27
03
43
9c
97
ba
0b
00
07
93
07
0a
fe
44
27
03
00
00
00
4f
00
00
00
4d
00
00
00
41
00
00
00
29
80
82
61
05
44
72
00
01
00
01
a0
11
fa
e7
d0
e3
fe
84
27
83
fe
c4
27
03
fe
f4
22
23
87
85
97
ba
01
f7
d7
13
97
ba
fe
84
27
83
fe
c4
27
03
fe
f4
00
00
00
ee
00
00
00
e0
00
00
00
d8
00
00
00
cc
00
00
00
c1
00
00
00
b8
00
00
00
b3
00
00
00
a2
00
00
00
99
00
00
00
93
00
00
00
89
00
00
00
7d
00
00
00
60
00
00
00
5b
00
00
00
59
00
00
00
53
00
00
01
8f
00
00
01
84
00
00
01
79
00
00
01
6e
00
00
01
63
00
00
01
58
00
00
01
51
00
00
01
48
00
00
01
3a
00
00
01
2e
00
00
01
28
00
00
01
1c
00
00
01
17
00
00
01
04
00
00
00
fb
00
00
00
f7
00
00
02
2b
00
00
02
20
00
00
02
15
00
00
02
0a
00
00
01
ff
00
00
01
f9
00
00
01
f3
00
00
01
e8
00
00
01
dd
00
00
01
d2
00
00
01
c7
00
00
01
bc
00
00
01
b1
00
00
01
a6
00
00
01
9a
00
00
01
99
00
00
02
cb
00
00
02
bd
00
00
02
bb
00
00
02
b0
00
00
02
a5
00
00
02
9a
00
00
02
8f
00
00
02
84
00
00
02
79
00
00
02
6e
00
00
02
63
00
00
02
61
00
00
02
57
00
00
02
4c
00
00
02
41
00
00
02
36
00
00
03
6d
00
00
03
62
00
00
03
57
00
00
03
4c
00
00
03
41
00
00
03
36
00
00
03
2b
00
00
03
29
00
00
03
1f
00
00
03
14
00
00
03
09
00
00
02
fe
00
00
02
f3
00
00
02
e8
00
00
02
dd
00
00
02
d2
00
00
06
23
00
00
05
51
00
00
04
e2
00
00
04
00
00
00
03
e7
00
00
03
dc
00
00
03
d1
00
00
03
c6
00
00
03
bb
00
00
03
b0
00
00
03
a5
00
00
03
9a
00
00
03
8f
00
00
03
89
00
00
03
83
00
00
03
78
